bandwidth: 296.296296 1 2
bandwidth: 615.384615 3 4
bandwidth: 571.428571 5 6
bandwidth: 727.272727 7 8
bandwidth: 275.862069 9 10
bandwidth: 888.888889 11 12
bandwidth: 800.000000 13 14
bandwidth: 500.000000 15 16
bandwidth: 173.913043 17 18
bandwidth: 421.052632 19 20
bandwidth: 347.826087 21 22
bandwidth: 275.862069 23 24
bandwidth: 242.424242 25 26
bandwidth: 5.847953 27 28
bandwidth: 347.826087 29 30
bandwidth: 235.294118 31 32
bandwidth: 210.526316 33 34
bandwidth: 235.294118 35 36
bandwidth: 307.692308 37 38
bandwidth: 400.000000 39 40
bandwidth: 888.888889 43 44
bandwidth: 216.216216 45 46
bandwidth: 17.057569 49 50
bandwidth: 228.571429 51 52
bandwidth: 533.333333 53 54
bandwidth: 195.121951 55 56
bandwidth: 2.443494 57 58
bandwidth: 228.571429 59 60
bandwidth: 228.571429 61 62
bandwidth: 266.666667 63 64
bandwidth: 285.714286 65 66
bandwidth: 235.294118 67 68
bandwidth: 2.289639 69 70
bandwidth: 173.913043 71 72
bandwidth: 888.888889 73 74
bandwidth: 235.294118 75 76
bandwidth: 470.588235 77 78
bandwidth: 222.222222 79 80
bandwidth: 275.862069 81 82
bandwidth: 727.272727 83 84
bandwidth: 258.064516 85 86
bandwidth: 333.333333 87 88
bandwidth: 235.294118 89 90
bandwidth: 266.666667 91 92
bandwidth: 666.666667 93 94
bandwidth: 166.666667 95 96
bandwidth: 242.424242 97 98
bandwidth: 210.526316 99 100
bandwidth: 205.128205 101 102
bandwidth: 533.333333 103 104
bandwidth: 333.333333 105 106
bandwidth: 228.571429 107 108
bandwidth: 258.064516 109 110
bandwidth: 320.000000 111 112
bandwidth: 8.429926 113 114
bandwidth: 380.952381 115 116
bandwidth: 347.826087 117 118
bandwidth: 421.052632 119 120
bandwidth: 87.912088 121 122
bandwidth: 1000.000000 123 124
bandwidth: 533.333333 125 126
bandwidth: 727.272727 135 136
bandwidth: 1000.000000 137 138
bandwidth: 1.245718 139 140
bandwidth: 1000.000000 141 142
bandwidth: 666.666667 143 144
bandwidth: 8.810573 145 146
bandwidth: 615.384615 147 148
bandwidth: 727.272727 149 150
bandwidth: 470.588235 151 152
bandwidth: 666.666667 153 154
bandwidth: 333.333333 155 156
bandwidth: 228.571429 157 158
bandwidth: 242.424242 159 160
bandwidth: 216.216216 161 162
bandwidth: 210.526316 163 164
bandwidth: 216.216216 165 166
bandwidth: 228.571429 167 168
bandwidth: 228.571429 169 170
bandwidth: 727.272727 171 172
bandwidth: 888.888889 173 174
bandwidth: 296.296296 175 176
bandwidth: 258.064516 177 178
bandwidth: 5.157963 179 180
bandwidth: 258.064516 181 182
bandwidth: 222.222222 183 184
bandwidth: 186.046512 185 186
bandwidth: 181.818182 187 188
bandwidth: 166.666667 189 190
bandwidth: 216.216216 191 192
bandwidth: 228.571429 193 194
bandwidth: 222.222222 195 196
bandwidth: 186.046512 197 198
bandwidth: 210.526316 199 200
