bandwidth: 8.421053 1 2
bandwidth: 727.272727 3 4
bandwidth: 400.000000 5 6
bandwidth: 571.428571 7 8
bandwidth: 533.333333 9 10
bandwidth: 307.692308 11 12
bandwidth: 20.050125 13 14
bandwidth: 307.692308 15 16
bandwidth: 500.000000 17 18
bandwidth: 258.064516 19 20
bandwidth: 296.296296 21 22
bandwidth: 235.294118 23 24
bandwidth: 347.826087 25 26
bandwidth: 571.428571 27 28
bandwidth: 533.333333 29 30
bandwidth: 571.428571 31 32
bandwidth: 615.384615 33 34
bandwidth: 666.666667 35 36
bandwidth: 666.666667 37 38
bandwidth: 150.943396 39 40
bandwidth: 320.000000 41 42
bandwidth: 1000.000000 43 44
bandwidth: 533.333333 45 46
bandwidth: 470.588235 47 48
bandwidth: 615.384615 49 50
bandwidth: 571.428571 51 52
bandwidth: 800.000000 53 54
bandwidth: 228.571429 55 56
bandwidth: 1142.857143 57 58
bandwidth: 347.826087 59 60
bandwidth: 266.666667 61 62
bandwidth: 1000.000000 63 64
bandwidth: 285.714286 65 66
bandwidth: 177.777778 67 68
bandwidth: 307.692308 69 70
bandwidth: 296.296296 71 72
bandwidth: 258.064516 73 74
bandwidth: 500.000000 75 76
bandwidth: 444.444444 77 78
bandwidth: 615.384615 79 80
bandwidth: 533.333333 81 82
bandwidth: 615.384615 83 84
bandwidth: 571.428571 85 86
bandwidth: 444.444444 87 88
bandwidth: 533.333333 91 92
bandwidth: 533.333333 95 96
bandwidth: 470.588235 97 98
bandwidth: 470.588235 99 100
bandwidth: 137.931034 101 102
bandwidth: 48.780488 103 104
bandwidth: 400.000000 105 106
bandwidth: 363.636364 107 108
bandwidth: 320.000000 109 110
bandwidth: 177.777778 111 112
bandwidth: 1000.000000 113 114
bandwidth: 800.000000 115 116
bandwidth: 470.588235 117 118
bandwidth: 1000.000000 119 120
bandwidth: 307.692308 121 122
bandwidth: 533.333333 123 124
bandwidth: 210.526316 125 126
bandwidth: 444.444444 127 128
bandwidth: 235.294118 129 130
bandwidth: 1142.857143 131 132
bandwidth: 1000.000000 133 134
bandwidth: 285.714286 135 136
bandwidth: 347.826087 137 138
bandwidth: 533.333333 139 140
bandwidth: 470.588235 141 142
bandwidth: 615.384615 143 144
bandwidth: 533.333333 145 146
bandwidth: 250.000000 147 148
bandwidth: 470.588235 149 150
bandwidth: 29.629630 151 152
bandwidth: 500.000000 153 154
bandwidth: 533.333333 155 156
bandwidth: 20.202020 157 158
bandwidth: 421.052632 159 160
bandwidth: 400.000000 161 162
bandwidth: 888.888889 163 164
bandwidth: 470.588235 165 166
bandwidth: 470.588235 167 168
bandwidth: 400.000000 169 170
bandwidth: 8.791209 171 172
bandwidth: 888.888889 173 174
bandwidth: 500.000000 175 176
bandwidth: 888.888889 177 178
bandwidth: 571.428571 179 180
bandwidth: 571.428571 181 182
bandwidth: 400.000000 183 184
bandwidth: 1000.000000 185 186
bandwidth: 177.777778 189 190
bandwidth: 190.476190 193 194
bandwidth: 250.000000 195 196
bandwidth: 242.424242 197 198
bandwidth: 200.000000 199 200
