bandwidth: 18.140590 1 2
bandwidth: 666.666667 3 4
bandwidth: 228.571429 5 6
bandwidth: 727.272727 7 8
bandwidth: 228.571429 9 10
bandwidth: 800.000000 11 12
bandwidth: 727.272727 13 14
bandwidth: 170.212766 15 16
bandwidth: 470.588235 17 18
bandwidth: 363.636364 19 20
bandwidth: 307.692308 21 22
bandwidth: 380.952381 23 24
bandwidth: 145.454545 25 26
bandwidth: 8.179959 27 28
bandwidth: 800.000000 29 30
bandwidth: 347.826087 31 32
bandwidth: 363.636364 33 34
bandwidth: 296.296296 35 36
bandwidth: 228.571429 37 38
bandwidth: 296.296296 39 40
bandwidth: 363.636364 41 42
bandwidth: 500.000000 43 44
bandwidth: 444.444444 45 46
bandwidth: 571.428571 47 48
bandwidth: 216.216216 49 50
bandwidth: 296.296296 53 54
bandwidth: 285.714286 55 56
bandwidth: 266.666667 57 58
bandwidth: 235.294118 59 60
bandwidth: 235.294118 61 62
bandwidth: 400.000000 63 64
bandwidth: 177.777778 65 66
bandwidth: 0.292933 67 68
bandwidth: 242.424242 71 72
bandwidth: 888.888889 73 74
bandwidth: 296.296296 75 76
bandwidth: 470.588235 77 78
bandwidth: 228.571429 79 80
bandwidth: 80.808081 81 82
bandwidth: 727.272727 83 84
bandwidth: 235.294118 85 86
bandwidth: 235.294118 87 88
bandwidth: 571.428571 89 90
bandwidth: 727.272727 91 92
bandwidth: 275.862069 93 94
bandwidth: 444.444444 95 96
bandwidth: 500.000000 97 98
bandwidth: 500.000000 99 100
bandwidth: 347.826087 101 102
bandwidth: 200.000000 103 104
bandwidth: 444.444444 105 106
bandwidth: 571.428571 107 108
bandwidth: 0.084377 109 110
bandwidth: 266.666667 111 112
bandwidth: 666.666667 113 114
bandwidth: 363.636364 115 116
bandwidth: 320.000000 117 118
bandwidth: 347.826087 119 120
bandwidth: 320.000000 121 122
bandwidth: 333.333333 123 124
bandwidth: 285.714286 125 126
bandwidth: 347.826087 127 128
bandwidth: 285.714286 129 130
bandwidth: 727.272727 131 132
bandwidth: 533.333333 133 134
bandwidth: 888.888889 135 136
bandwidth: 285.714286 137 138
bandwidth: 800.000000 139 140
bandwidth: 258.064516 141 142
bandwidth: 1142.857143 143 144
bandwidth: 0.536517 145 146
bandwidth: 333.333333 147 148
bandwidth: 380.952381 149 150
bandwidth: 347.826087 151 152
bandwidth: 444.444444 153 154
bandwidth: 210.526316 155 156
bandwidth: 222.222222 157 158
bandwidth: 333.333333 159 160
bandwidth: 242.424242 163 164
bandwidth: 500.000000 165 166
bandwidth: 666.666667 167 168
bandwidth: 242.424242 169 170
bandwidth: 285.714286 171 172
bandwidth: 615.384615 173 174
bandwidth: 285.714286 175 176
bandwidth: 500.000000 177 178
bandwidth: 49.689441 179 180
bandwidth: 333.333333 181 182
bandwidth: 285.714286 183 184
bandwidth: 347.826087 185 186
bandwidth: 380.952381 187 188
bandwidth: 275.862069 189 190
bandwidth: 333.333333 191 192
bandwidth: 533.333333 193 194
bandwidth: 266.666667 195 196
bandwidth: 242.424242 197 198
bandwidth: 216.216216 199 200
