bandwidth: 76.923077 1 2
bandwidth: 444.444444 3 4
bandwidth: 140.350877 5 6
bandwidth: 500.000000 7 8
bandwidth: 571.428571 9 10
bandwidth: 615.384615 11 12
bandwidth: 571.428571 13 14
bandwidth: 615.384615 15 16
bandwidth: 615.384615 17 18
bandwidth: 666.666667 19 20
bandwidth: 470.588235 21 22
bandwidth: 800.000000 23 24
bandwidth: 571.428571 25 26
bandwidth: 800.000000 27 28
bandwidth: 615.384615 29 30
bandwidth: 888.888889 31 32
bandwidth: 363.636364 33 34
bandwidth: 533.333333 35 36
bandwidth: 222.222222 37 38
bandwidth: 4.938272 39 40
bandwidth: 380.952381 41 42
bandwidth: 571.428571 43 44
bandwidth: 571.428571 45 46
bandwidth: 444.444444 47 48
bandwidth: 500.000000 49 50
bandwidth: 500.000000 51 52
bandwidth: 296.296296 53 54
bandwidth: 571.428571 55 56
bandwidth: 470.588235 57 58
bandwidth: 444.444444 59 60
bandwidth: 615.384615 61 62
bandwidth: 320.000000 65 66
bandwidth: 444.444444 67 68
bandwidth: 177.777778 69 70
bandwidth: 242.424242 71 72
bandwidth: 533.333333 73 74
bandwidth: 266.666667 75 76
bandwidth: 258.064516 77 78
bandwidth: 615.384615 79 80
bandwidth: 140.350877 81 82
bandwidth: 242.424242 83 84
bandwidth: 727.272727 85 86
bandwidth: 258.064516 87 88
bandwidth: 3.813155 89 90
bandwidth: 235.294118 91 92
bandwidth: 800.000000 93 94
bandwidth: 347.826087 95 96
bandwidth: 242.424242 97 98
bandwidth: 235.294118 99 100
bandwidth: 228.571429 101 102
bandwidth: 5.702067 103 104
bandwidth: 228.571429 105 106
bandwidth: 228.571429 107 108
bandwidth: 258.064516 109 110
bandwidth: 258.064516 111 112
bandwidth: 275.862069 113 114
bandwidth: 222.222222 115 116
bandwidth: 228.571429 117 118
bandwidth: 470.588235 119 120
bandwidth: 235.294118 121 122
bandwidth: 210.526316 123 124
bandwidth: 216.216216 125 126
bandwidth: 275.862069 127 128
bandwidth: 347.826087 129 130
bandwidth: 500.000000 131 132
bandwidth: 242.424242 133 134
bandwidth: 210.526316 135 136
bandwidth: 363.636364 137 138
bandwidth: 380.952381 139 140
bandwidth: 222.222222 141 142
bandwidth: 500.000000 143 144
bandwidth: 307.692308 145 146
bandwidth: 500.000000 147 148
bandwidth: 533.333333 149 150
bandwidth: 615.384615 151 152
bandwidth: 470.588235 153 154
bandwidth: 571.428571 157 158
bandwidth: 888.888889 159 160
bandwidth: 571.428571 161 162
bandwidth: 727.272727 163 164
bandwidth: 421.052632 165 166
bandwidth: 727.272727 167 168
bandwidth: 727.272727 169 170
bandwidth: 533.333333 171 172
bandwidth: 275.862069 173 174
bandwidth: 421.052632 175 176
bandwidth: 500.000000 177 178
bandwidth: 7.174888 179 180
bandwidth: 421.052632 181 182
bandwidth: 266.666667 183 184
bandwidth: 615.384615 185 186
bandwidth: 285.714286 187 188
bandwidth: 307.692308 189 190
bandwidth: 615.384615 191 192
bandwidth: 571.428571 193 194
bandwidth: 533.333333 195 196
bandwidth: 615.384615 197 198
bandwidth: 666.666667 199 200
