bandwidth: 9.650181 1 2
bandwidth: 10.204082 3 4
bandwidth: 10.217114 5 6
bandwidth: 10.652463 7 8
bandwidth: 10.204082 9 10
bandwidth: 10.796221 11 12
bandwidth: 10.884354 13 14
bandwidth: 10.738255 15 16
bandwidth: 10.810811 17 18
bandwidth: 10.810811 19 20
bandwidth: 10.884354 21 22
bandwidth: 10.914052 23 24
bandwidth: 10.825440 25 26
bandwidth: 10.825440 27 28
bandwidth: 10.825440 29 30
bandwidth: 11.095700 31 32
bandwidth: 10.752688 33 34
bandwidth: 10.810811 35 36
bandwidth: 10.723861 37 38
bandwidth: 10.752688 39 40
bandwidth: 10.738255 41 42
bandwidth: 10.854817 43 44
bandwidth: 10.825440 45 46
bandwidth: 10.695187 47 48
bandwidth: 10.810811 49 50
bandwidth: 10.709505 51 52
bandwidth: 10.695187 53 54
bandwidth: 10.738255 55 56
bandwidth: 11.019284 57 58
bandwidth: 10.796221 59 60
bandwidth: 11.379801 61 62
bandwidth: 10.854817 63 64
bandwidth: 10.752688 65 66
bandwidth: 10.810811 67 68
bandwidth: 10.899183 69 70
bandwidth: 10.796221 71 72
bandwidth: 10.738255 73 74
bandwidth: 10.810811 75 76
bandwidth: 10.899183 77 78
bandwidth: 10.695187 79 80
bandwidth: 10.709505 81 82
bandwidth: 11.019284 83 84
bandwidth: 10.781671 85 86
bandwidth: 10.666667 87 88
bandwidth: 11.095700 89 90
bandwidth: 10.723861 91 92
bandwidth: 10.825440 93 94
bandwidth: 10.781671 95 96
bandwidth: 10.810811 97 98
bandwidth: 10.825440 99 100
bandwidth: 10.840108 101 102
bandwidth: 10.723861 103 104
bandwidth: 10.738255 105 106
bandwidth: 10.884354 107 108
bandwidth: 11.204482 109 110
bandwidth: 11.095700 111 112
bandwidth: 10.723861 113 114
bandwidth: 10.680908 115 116
bandwidth: 10.884354 117 118
bandwidth: 10.695187 119 120
bandwidth: 10.884354 121 122
bandwidth: 10.796221 123 124
bandwidth: 11.004127 125 126
bandwidth: 10.854817 127 128
bandwidth: 11.126565 129 130
bandwidth: 10.638298 131 132
bandwidth: 11.594203 133 134
bandwidth: 10.884354 135 136
bandwidth: 10.869565 137 138
bandwidth: 10.854817 139 140
bandwidth: 10.884354 141 142
bandwidth: 10.738255 143 144
bandwidth: 10.899183 145 146
bandwidth: 10.810811 147 148
bandwidth: 10.869565 149 150
bandwidth: 10.781671 151 152
bandwidth: 10.810811 153 154
bandwidth: 10.680908 155 156
bandwidth: 10.666667 157 158
bandwidth: 11.019284 159 160
bandwidth: 11.173184 161 162
bandwidth: 10.723861 163 164
bandwidth: 10.869565 165 166
bandwidth: 10.752688 167 168
bandwidth: 10.723861 169 170
bandwidth: 10.738255 171 172
bandwidth: 10.840108 173 174
bandwidth: 10.723861 175 176
bandwidth: 11.111111 177 178
bandwidth: 10.723861 179 180
bandwidth: 10.781671 181 182
bandwidth: 10.526316 183 184
bandwidth: 11.034483 185 186
bandwidth: 10.825440 187 188
bandwidth: 10.796221 189 190
bandwidth: 10.752688 191 192
bandwidth: 10.781671 193 194
bandwidth: 10.723861 195 196
bandwidth: 10.709505 197 198
bandwidth: 10.810811 199 200
