bandwidth: 888.888889 1 2
bandwidth: 533.333333 3 4
bandwidth: 533.333333 5 6
bandwidth: 137.931034 7 8
bandwidth: 571.428571 9 10
bandwidth: 533.333333 11 12
bandwidth: 533.333333 13 14
bandwidth: 533.333333 15 16
bandwidth: 533.333333 17 18
bandwidth: 500.000000 19 20
bandwidth: 533.333333 21 22
bandwidth: 500.000000 23 24
bandwidth: 421.052632 25 26
bandwidth: 571.428571 27 28
bandwidth: 500.000000 29 30
bandwidth: 533.333333 31 32
bandwidth: 533.333333 33 34
bandwidth: 7.407407 35 36
bandwidth: 13.136289 37 38
bandwidth: 250.000000 39 40
bandwidth: 533.333333 41 42
bandwidth: 533.333333 43 44
bandwidth: 533.333333 45 46
bandwidth: 533.333333 47 48
bandwidth: 500.000000 49 50
bandwidth: 8.695652 51 52
bandwidth: 533.333333 53 54
bandwidth: 500.000000 55 56
bandwidth: 500.000000 57 58
bandwidth: 533.333333 59 60
bandwidth: 533.333333 61 62
bandwidth: 500.000000 63 64
bandwidth: 533.333333 65 66
bandwidth: 470.588235 67 68
bandwidth: 500.000000 69 70
bandwidth: 533.333333 71 72
bandwidth: 500.000000 73 74
bandwidth: 500.000000 75 76
bandwidth: 533.333333 77 78
bandwidth: 533.333333 79 80
bandwidth: 533.333333 81 82
bandwidth: 500.000000 83 84
bandwidth: 470.588235 85 86
bandwidth: 4.381161 87 88
bandwidth: 500.000000 89 90
bandwidth: 470.588235 91 92
bandwidth: 500.000000 93 94
bandwidth: 470.588235 95 96
bandwidth: 500.000000 97 98
bandwidth: 500.000000 99 100
bandwidth: 500.000000 101 102
bandwidth: 533.333333 103 104
bandwidth: 500.000000 105 106
bandwidth: 470.588235 107 108
bandwidth: 296.296296 109 110
bandwidth: 533.333333 111 112
bandwidth: 500.000000 113 114
bandwidth: 533.333333 115 116
bandwidth: 533.333333 117 118
bandwidth: 500.000000 119 120
bandwidth: 533.333333 121 122
bandwidth: 500.000000 123 124
bandwidth: 470.588235 125 126
bandwidth: 533.333333 127 128
bandwidth: 533.333333 129 130
bandwidth: 500.000000 131 132
bandwidth: 533.333333 133 134
bandwidth: 500.000000 135 136
bandwidth: 500.000000 137 138
bandwidth: 500.000000 139 140
bandwidth: 533.333333 141 142
bandwidth: 4.489338 143 144
bandwidth: 533.333333 145 146
bandwidth: 533.333333 147 148
bandwidth: 533.333333 149 150
bandwidth: 533.333333 151 152
bandwidth: 470.588235 153 154
bandwidth: 80.000000 155 156
bandwidth: 533.333333 157 158
bandwidth: 500.000000 159 160
bandwidth: 500.000000 161 162
bandwidth: 500.000000 163 164
bandwidth: 500.000000 165 166
bandwidth: 533.333333 167 168
bandwidth: 500.000000 169 170
bandwidth: 500.000000 171 172
bandwidth: 500.000000 175 176
bandwidth: 533.333333 177 178
bandwidth: 533.333333 179 180
bandwidth: 533.333333 181 182
bandwidth: 533.333333 183 184
bandwidth: 533.333333 185 186
bandwidth: 12.539185 187 188
bandwidth: 470.588235 189 190
bandwidth: 470.588235 191 192
bandwidth: 533.333333 193 194
bandwidth: 533.333333 195 196
bandwidth: 533.333333 197 198
bandwidth: 470.588235 199 200
